249
520
459
151
538
133
302
149
248
283
138
316
381
169
447
246
264
368
29
513
377
184
250
40
474
86
552
159
242
148
407
255
31
231
39
204
271
411
483
444
397
417
23
251
338
124
512
384
288
216
522
257
270
140
290
373
454
432
46
422
532
374
171
118
240
225
488
163
238
493
310
456
557
112
291
54
104
268
372
266
132
371
188
55
506
421
287
569
475
105
123
337
267
215
70
428
426
35
235
473
189
90
245
4
13
177
191
150
292
12
113
1
519
443
58
197
176
331
366
185
182
507
103
332
344
129
308
205
464
477
65
568
114
487
298
306
358
45
354
438
154
461
467
539
166
559
424
328
107
21
274
262
49
531
102
496
518
542
563
511
289
170
167
322
490
36
492
359
164
91
315
178
254
404
348
450
10
27
526
347
300
481
41
78
0
448
442
50
223
449
9
116
528
551
218
128
153
446
413
26
224
276
380
525
516
253
401
391
355
335
17
541
382
3
550
28
158
329
402
425
561
405
22
479
62
24
436
534
504
156
127
460
313
394
2
282
278
445
356
286
179
353
494
527
497
326
386
98
342
414
330
440
357
399
252
362
392
256
360
77
309
52
190
134
143
229
67
466
341
135
297
453
233
16
395
194
314
20
555
146
317
5
106
136
234
501
8
486
130
96
263
59
117
243
390
544
83
195
244
361
352
514
210
228
375
258
311
304
558
470
523
211
207
71
56
25
343
236
324
280
237
537
476
388
175
110
500
415
260
553
269
472
560
396
192
307
115
319
489
521
247
147
387
74
227
199
281
285
491
564
548
530
423
173
221
345
369
220
303
339
451
536
212
505
144
232
412
181
455
32
463
139
364
34
517
296
431
155
89
202
88
547
84
73
44
214
7
480
122
48
549
434
100
63
524
145
484
273
565
11
363
180
168
325
545
350
209
433
141
161
183
543
198
389
439
509
43
142
334
187
111
125
137
206
294
295
333
18
101
468
64
33
379
452
126
299
200
535
157
14
471
121
515
508
437
416
430
193
340
42
370
222
80
93
365
241
