227
187
3
71
418
1
150
245
21
86
468
424
177
495
388
280
63
105
78
293
321
458
195
557
541
400
412
366
272
137
28
138
356
324
434
305
348
561
58
128
481
454
442
537
341
90
508
331
249
240
515
200
257
260
2
8
235
297
392
38
351
334
99
527
365
126
545
440
354
558
497
53
329
337
294
539
142
445
289
233
382
295
143
57
273
421
492
87
155
483
507
390
505
410
250
542
135
170
10
282
262
167
194
473
403
444
340
255
521
484
16
230
359
6
427
193
311
104
436
535
499
448
50
397
404
258
479
477
426
44
439
174
148
239
381
103
113
441
73
430
102
383
205
512
378
344
275
509
437
81
552
526
92
158
452
380
246
269
19
475
209
101
487
469
298
352
171
46
189
563
309
217
270
45
346
248
242
514
160
339
362
132
343
511
256
190
350
33
375
355
74
408
476
433
180
9
342
114
411
523
498
401
466
39
292
238
72
159
504
486
565
55
330
218
168
48
306
370
530
7
333
134
377
166
304
82
325
449
363
49
146
319
516
151
547
129
385
259
472
89
374
186
490
198
229
446
22
34
310
287
349
266
284
361
307
153
376
531
216
176
68
522
23
413
566
91
60
471
184
274
318
120
65
503
464
443
204
11
358
107
482
228
40
201
496
425
223
253
62
396
123
489
96
379
70
336
203
281
501
485
457
569
450
15
202
141
54
553
131
97
197
117
212
429
67
296
181
461
327
191
35
384
301
94
423
243
115
241
108
64
407
540
416
268
459
4
360
554
130
5
299
66
373
345
393
224
432
211
506
76
31
37
417
220
145
163
17
206
546
493
221
30
119
251
474
519
127
265
188
125
456
510
43
232
414
405
288
215
520
234
494
395
357
0
478
213
14
231
551
214
480
112
178
75
83
555
61
386
26
322
524
528
29
438
435
534
548
42
328
210
161
162
556
56
420
470
323
95
525
367
447
179
560
264
98
326
173
394
347
225
236
182
13
139
207
313
52
428
290
431
18
156
136
550
152
244
332
409
12
415
285
261
536
543
529
77
