692
564
112
56
183
394
260
169
78
99
252
533
64
55
510
677
500
480
298
523
173
63
276
15
201
559
507
294
426
199
397
363
151
420
680
123
54
425
651
395
102
324
192
505
66
655
617
341
665
77
167
544
91
161
596
319
469
436
168
378
351
540
372
489
589
670
383
364
153
610
339
316
419
277
453
511
104
668
374
280
555
602
574
643
598
340
93
685
51
520
10
691
572
503
141
601
590
683
154
209
220
477
641
454
460
487
618
206
292
71
471
499
85
486
278
657
367
508
268
80
266
441
134
337
256
653
244
512
442
403
524
81
132
569
673
628
7
219
308
404
59
42
492
300
504
82
543
472
451
189
303
336
493
307
212
417
517
587
179
224
97
87
452
546
373
197
389
359
241
94
159
688
418
669
631
349
41
423
649
200
108
79
438
205
478
348
553
550
232
178
439
106
32
343
615
415
236
182
634
31
120
562
474
464
323
204
482
234
291
513
57
27
565
156
5
549
36
411
556
26
23
245
465
444
671
202
295
644
582
509
636
49
76
515
86
687
662
534
519
271
678
682
542
40
427
176
445
258
448
479
398
88
414
45
187
250
645
320
406
595
506
166
137
407
92
571
131
416
213
392
0
399
312
22
317
528
133
193
390
518
275
309
117
330
338
600
658
380
388
333
165
8
4
458
611
270
130
287
203
195
105
607
313
382
335
248
281
233
552
402
456
107
568
177
642
253
365
217
138
672
575
538
69
674
215
468
255
485
624
405
314
413
521
39
666
606
366
530
410
216
67
103
483
34
621
599
16
536
299
345
679
221
681
525
488
650
90
620
629
432
65
647
497
592
588
459
547
545
344
222
455
326
274
310
157
286
229
242
408
129
593
196
357
355
21
514
315
446
435
379
393
473
342
557
122
567
626
630
496
561
693
347
437
306
387
603
289
75
329
412
461
635
223
409
170
3
145
158
431
282
228
576
84
283
360
656
429
304
318
46
128
570
537
25
72
181
115
190
247
613
612
143
109
490
272
475
35
114
594
164
113
578
361
625
659
6
619
61
139
616
327
481
302
110
580
171
384
126
160
261
119
265
526
147
48
214
346
74
591
356
450
684
58
664
391
623
226
422
476
18
440
28
539
581
150
152
516
125
163
207
433
531
332
328
609
140
325
227
566
371
577
194
68
273
554
686
369
498
191
269
675
149
262
331
230
251
385
95
585
136
579
70
231
352
185
249
449
29
633
89
118
622
1
293
428
121
296
558
297
424
43
484
175
135
652
466
