526
424
474
273
375
368
558
261
212
17
194
98
100
453
104
434
293
55
361
381
524
345
105
451
229
427
230
418
466
401
438
86
88
283
457
422
216
131
359
89
134
234
389
485
382
487
142
386
317
294
275
61
320
462
16
121
371
137
195
65
358
109
63
156
177
340
265
425
319
367
432
363
486
76
349
279
439
542
202
435
476
348
534
19
0
335
493
78
315
117
157
4
205
72
66
5
529
200
31
128
101
36
443
77
404
531
215
321
209
291
159
252
396
420
144
467
324
391
236
447
489
384
512
264
9
148
353
25
465
271
326
341
520
498
282
471
192
450
175
522
388
533
130
120
313
426
280
151
178
184
377
132
296
508
397
544
515
12
64
333
163
332
550
562
399
211
199
154
339
52
543
11
84
47
414
365
231
461
165
173
360
171
46
103
168
95
395
547
477
133
80
208
310
246
152
251
32
68
376
10
479
254
48
250
292
546
69
442
428
351
560
176
267
164
507
259
347
187
222
454
406
460
342
308
150
445
179
232
74
337
305
441
511
70
459
300
329
473
161
309
413
298
20
3
223
99
552
284
394
269
182
407
316
559
483
235
118
312
119
270
75
419
2
113
90
301
513
38
370
452
221
35
15
516
470
210
541
496
352
565
237
431
247
354
523
256
135
127
24
18
197
480
402
60
181
73
519
411
372
392
92
387
556
567
416
506
509
260
158
355
566
257
193
67
81
561
44
37
545
7
6
263
28
555
189
241
527
482
245
238
40
51
226
390
162
369
535
469
123
553
225
262
528
91
518
87
239
525
463
30
277
57
62
45
102
155
554
160
97
302
350
96
22
514
484
289
539
147
502
430
114
290
356
318
385
224
331
21
255
323
248
8
405
497
488
240
517
218
569
85
408
503
108
228
82
393
400
478
338
14
41
548
107
116
549
286
495
458
409
557
346
233
325
196
491
71
378
532
190
448
185
34
468
186
83
204
153
295
174
125
56
563
58
124
366
53
530
538
170
27
266
13
398
39
207
336
253
93
440
206
141
456
191
403
278
417
