184
121
87
442
128
530
393
12
532
406
356
318
584
368
113
481
136
81
427
526
522
64
595
388
202
332
66
152
58
502
131
390
103
24
364
590
244
421
297
326
527
68
79
352
283
411
353
404
557
289
477
503
146
425
327
72
260
28
467
591
588
409
592
67
86
151
458
482
361
457
7
301
321
154
288
166
267
106
463
270
587
138
208
449
416
254
6
412
170
275
278
45
219
107
377
459
400
504
53
543
544
286
23
562
507
343
265
258
469
141
371
414
350
160
472
25
479
505
91
594
474
355
572
236
493
375
30
496
214
251
209
77
538
378
357
539
217
312
56
417
83
603
21
88
558
488
44
17
349
90
159
78
71
92
169
466
2
452
10
546
157
486
73
446
492
342
290
54
341
203
148
444
419
335
365
511
359
176
295
149
573
85
179
508
386
238
563
245
99
302
471
241
494
534
448
498
512
34
177
175
605
93
552
440
153
89
328
454
607
183
242
362
542
212
413
114
551
127
524
156
382
548
82
443
593
566
39
266
139
74
180
478
46
135
319
108
461
234
408
354
243
453
418
436
370
0
582
395
491
287
556
268
75
8
59
143
515
509
473
303
340
426
428
4
190
392
279
415
189
240
460
62
536
564
205
554
431
227
1
391
178
237
366
487
579
42
470
102
314
305
569
379
95
438
381
125
63
185
333
284
43
165
140
132
430
76
484
537
451
226
570
589
52
519
399
276
130
124
601
597
291
394
40
57
489
317
36
464
181
523
531
120
222
70
285
506
331
571
455
31
330
167
500
22
29
207
182
307
541
585
372
450
174
549
129
280
369
158
14
233
49
420
540
520
385
186
215
602
195
432
344
309
387
299
218
398
3
69
191
104
97
383
553
155
600
456
38
310
11
533
188
144
173
306
578
50
439
117
336
550
201
80
33
315
210
576
65
497
435
577
424
247
337
282
304
109
250
599
606
338
499
248
230
206
376
94
223
277
256
405
510
384
193
293
281
313
434
204
323
580
228
271
292
445
407
261
187
147
586
490
468
60
41
345
119
547
196
16
516
410
126
163
324
604
199
37
298
171
150
20
257
311
521
560
598
26
545
229
272
13
225
348
320
101
47
269
