480
263
173
333
141
273
638
585
609
72
573
556
120
502
628
189
190
712
516
164
344
410
130
99
719
15
209
522
196
211
114
613
84
135
742
406
57
237
178
229
699
179
243
397
591
282
214
644
42
515
388
761
334
574
511
449
346
615
217
673
53
589
697
611
25
158
256
112
705
740
294
603
35
283
328
89
394
751
434
674
104
403
4
708
548
505
595
605
24
56
54
513
601
365
493
39
572
90
65
290
202
756
527
281
296
425
192
139
551
301
422
734
272
52
257
503
22
528
247
310
48
75
546
423
563
489
445
391
224
238
662
670
704
360
486
616
123
198
729
337
204
413
88
280
432
381
744
143
558
569
599
462
389
620
631
430
367
482
320
460
176
137
491
368
713
539
492
1
119
216
525
331
62
739
255
747
533
408
690
730
306
258
565
584
749
336
550
404
305
521
745
148
285
30
339
737
352
444
132
61
689
71
300
323
147
654
427
242
621
332
195
228
5
710
570
16
696
261
121
335
124
350
87
495
49
185
68
398
159
656
755
695
78
588
735
500
401
108
50
134
536
36
655
540
606
11
371
760
488
379
113
405
622
364
625
349
592
610
251
562
161
753
91
538
341
244
59
356
666
266
76
728
27
321
109
182
694
316
312
73
667
759
636
18
19
542
319
31
481
498
578
106
259
623
146
421
530
252
223
466
688
571
431
650
303
343
155
683
720
568
60
701
608
426
392
279
506
297
626
0
363
199
647
125
435
693
439
547
455
685
129
640
249
649
55
471
102
669
107
524
96
342
278
373
51
451
165
518
633
564
676
723
154
362
614
86
9
29
637
115
94
716
554
686
174
8
645
207
131
454
456
508
681
77
354
661
724
85
69
415
74
308
183
675
26
582
420
191
142
144
594
206
236
663
387
248
733
188
438
458
535
529
429
692
402
537
687
476
213
133
418
483
274
721
33
292
738
3
98
13
375
668
286
618
172
385
519
411
180
543
587
83
467
474
46
698
419
407
215
448
384
679
21
219
507
653
642
317
358
232
338
596
709
369
517
309
269
377
428
325
748
691
490
287
758
399
472
203
81
643
127
677
424
561
478
678
265
494
590
10
163
201
531
731
433
376
442
267
501
743
641
395
447
117
648
470
549
378
750
441
307
580
288
658
757
560
138
361
567
167
722
326
487
82
340
160
520
646
416
126
233
222
291
7
452
330
374
762
270
436
268
727
145
366
499
473
557
253
579
682
726
20
629
67
184
304
17
225
496
598
586
177
220
607
703
100
523
345
156
348
103
271
14
627
47
479
110
660
477
70
541
509
593
597
347
461
260
446
390
210
459
187
136
657
181
497
463
93
400
327
372
553
162
231
12
171
40
329
314
208
302
437
359
763
450
544
672
353
581
380
680
