340
155
110
131
198
488
567
142
292
295
337
257
116
4
210
444
572
535
530
476
325
185
121
563
179
374
221
157
571
562
213
146
38
153
540
106
385
158
327
339
448
343
450
171
306
269
138
41
492
396
109
349
375
338
360
82
463
491
356
319
454
313
64
42
229
237
453
289
304
553
141
89
388
70
276
524
23
464
20
370
517
430
499
281
286
108
50
376
334
377
421
253
268
69
164
419
226
282
466
144
16
75
452
195
435
573
542
570
207
498
307
246
470
471
71
383
457
559
45
461
25
555
177
275
125
261
287
462
180
404
242
7
220
297
529
5
86
439
17
323
510
293
197
392
27
46
357
420
251
219
371
500
564
6
259
482
372
232
406
305
480
90
66
486
31
2
391
552
118
148
551
320
441
436
37
333
537
201
405
92
560
51
459
549
350
273
87
102
447
321
317
548
174
230
187
35
483
475
137
128
56
309
161
29
326
367
411
94
115
458
224
222
426
126
21
438
44
81
363
150
184
176
99
83
204
403
18
77
379
182
272
368
214
1
569
181
290
574
262
428
353
122
407
449
373
575
514
456
166
424
362
218
270
175
577
294
284
169
437
496
547
112
312
39
183
545
479
245
239
409
332
543
8
248
516
145
189
381
48
348
330
62
95
53
527
302
205
399
561
57
525
200
389
539
265
203
431
194
300
12
432
467
97
202
528
231
335
522
429
55
502
140
364
192
296
163
127
433
76
341
440
154
550
173
394
216
60
487
49
408
501
354
124
554
544
91
228
199
347
410
472
59
505
191
413
280
489
67
271
445
47
240
15
227
84
238
556
493
267
576
443
314
34
490
521
473
538
442
427
193
63
503
533
520
96
120
152
256
11
215
190
243
247
478
159
386
495
93
451
369
531
167
129
105
107
58
518
68
162
558
78
361
119
233
504
513
310
19
277
28
283
315
414
114
382
308
9
168
508
365
519
497
147
32
101
170
54
398
61
352
494
212
130
434
402
209
401
359
291
468
298
266
418
506
278
188
344
135
425
133
26
318
104
149
208
3
342
358
236
80
331
250
