4
110
433
175
91
196
438
39
128
2
381
299
199
48
312
22
572
307
561
170
497
76
263
400
71
331
231
538
399
28
145
436
414
534
247
112
252
522
406
419
493
197
294
16
514
43
272
289
282
240
303
198
377
524
425
501
506
316
472
330
208
185
448
404
451
97
435
382
533
544
123
108
223
455
576
146
520
217
439
121
83
570
416
555
575
133
308
372
476
526
553
192
136
174
391
106
150
258
190
99
78
418
127
161
24
301
528
566
125
19
502
253
82
193
73
246
60
230
47
350
255
103
154
515
9
521
548
424
220
318
286
559
393
408
482
7
101
50
499
221
346
446
11
58
211
519
488
363
370
498
334
227
62
183
434
325
422
205
337
113
144
31
126
292
254
322
444
27
259
206
226
463
90
147
1
379
420
302
165
26
311
539
345
0
353
571
366
218
38
30
445
130
44
32
184
151
283
423
268
116
149
527
6
46
49
336
328
72
389
356
66
535
484
384
92
104
447
348
87
392
306
315
411
549
323
510
75
313
396
111
264
327
342
228
574
15
213
335
552
84
54
557
33
365
517
333
281
310
57
409
513
288
525
508
239
18
542
119
430
530
236
485
222
250
137
496
29
285
490
3
156
200
234
102
67
421
237
215
469
428
563
186
163
96
242
271
257
413
248
63
516
470
523
536
362
338
41
373
319
157
503
182
256
241
376
386
426
166
176
564
164
105
189
347
279
452
118
86
410
511
68
173
479
214
17
109
80
107
244
573
134
486
457
142
405
298
541
94
21
450
270
40
480
168
85
355
565
233
352
554
93
390
378
532
456
326
203
512
291
474
361
169
453
481
431
235
158
141
117
209
148
10
340
204
545
478
432
202
504
191
249
180
64
394
89
167
383
460
560
398
477
37
360
341
274
261
187
155
339
471
443
124
260
543
547
332
441
321
287
369
216
437
349
577
290
558
98
351
160
531
359
53
131
387
159
473
500
401
95
238
388
114
412
495
177
280
178
262
275
269
320
69
201
219
551
459
295
138
266
344
135
317
415
42
505
265
354
467
100
385
468
462
