73
35
491
480
164
562
458
44
313
148
338
363
199
519
283
497
117
116
4
270
231
325
189
542
202
160
204
393
104
47
482
432
23
406
428
543
457
265
418
194
235
531
112
362
571
244
354
96
201
409
447
275
319
282
358
472
99
139
98
399
150
161
398
197
376
261
400
391
59
66
304
335
142
78
22
537
473
346
191
10
370
379
250
155
351
168
181
431
462
175
289
553
405
141
149
27
565
366
278
254
541
516
470
353
411
493
365
100
367
318
445
52
87
461
263
271
306
561
527
13
249
317
310
557
94
315
43
170
509
237
567
495
238
286
157
223
220
158
62
434
46
410
539
524
570
209
88
390
230
253
208
381
213
219
179
49
69
523
227
57
401
476
305
416
236
37
474
486
83
572
394
174
517
355
122
128
328
550
386
171
26
298
80
544
34
341
383
180
259
536
448
514
229
336
68
403
369
422
331
339
251
510
414
396
257
566
12
515
255
359
420
314
534
511
437
284
392
247
82
222
163
153
65
11
262
86
442
200
145
165
453
329
429
456
380
154
61
460
545
90
127
246
216
397
360
77
471
71
3
21
109
118
241
316
206
147
119
540
296
225
24
417
357
15
577
169
173
533
575
205
501
424
31
215
333
106
419
121
372
113
499
41
291
308
475
518
427
408
444
345
382
559
297
364
123
269
498
323
36
234
574
79
334
198
326
133
374
311
144
195
522
348
285
55
256
407
140
1
2
281
506
483
63
440
433
233
356
264
279
54
320
248
28
240
492
344
377
450
25
568
245
239
340
159
302
389
421
455
332
423
290
512
287
258
505
17
438
40
135
45
5
487
552
72
232
146
152
371
349
425
436
243
111
186
368
546
16
321
214
6
384
402
503
554
67
132
167
352
207
81
176
295
277
226
507
569
468
166
548
103
309
451
58
224
301
221
212
280
350
375
260
479
84
107
29
60
242
126
465
532
48
549
276
210
53
293
177
114
184
292
489
430
102
435
441
0
502
211
508
496
452
130
463
108
42
560
388
120
300
538
563
110
547
19
185
151
252
404
76
307
500
8
