355
267
366
278
347
464
325
96
324
211
97
225
286
311
253
36
26
351
189
349
485
285
316
98
431
336
372
178
144
441
298
228
224
367
537
89
447
103
458
243
536
445
370
323
34
478
339
115
421
201
317
328
395
261
385
183
424
93
333
552
4
314
334
477
435
295
288
148
399
198
386
262
579
309
313
587
350
35
165
51
94
240
139
419
583
594
213
145
132
398
248
118
387
116
388
574
82
74
302
444
306
449
411
565
383
381
163
161
566
208
252
505
453
301
420
408
460
321
124
203
335
177
202
105
2
69
194
136
65
40
135
109
247
81
154
78
469
43
502
16
438
455
409
590
31
312
384
534
344
393
486
85
362
555
21
352
382
581
199
530
433
578
418
374
58
33
558
245
290
296
562
456
133
129
509
559
216
425
218
12
403
205
440
481
268
526
242
5
391
542
400
70
585
545
101
250
160
172
90
412
263
170
297
254
175
539
64
429
153
152
356
591
214
292
49
466
392
415
235
277
390
546
406
179
472
527
495
259
517
239
14
586
315
39
596
535
483
193
364
556
348
319
11
533
462
249
513
22
515
484
88
305
196
164
470
463
549
108
365
358
491
166
171
181
273
17
226
514
281
401
141
402
258
377
234
520
238
529
589
173
580
493
307
410
80
430
371
207
322
353
50
422
251
291
55
482
564
342
494
230
236
492
227
121
126
331
184
123
23
220
289
437
432
206
487
448
389
451
63
168
512
446
130
1
480
593
38
68
167
102
442
270
500
56
61
577
396
473
518
341
104
508
3
547
231
24
111
379
180
256
572
41
27
397
571
76
310
300
576
522
146
186
232
496
269
120
414
143
308
337
318
155
113
454
434
461
489
354
125
394
32
357
346
436
119
282
67
557
476
439
18
561
450
504
7
467
122
368
62
468
528
9
6
95
60
304
128
592
140
582
332
84
569
405
91
490
53
488
276
554
541
86
42
343
19
407
459
149
548
138
543
443
246
156
369
279
25
222
30
303
507
595
46
112
329
570
499
237
159
519
134
219
506
131
87
110
359
197
244
266
540
320
13
294
0
423
15
107
510
457
72
92
100
330
417
59
77
